
s<- 3102066232